Classes:  

{0: '!', 1: '(', 2: ')', 3: '+', 4: '-', 5: '0', 6: '1', 7: '2', 8: '3', 9: '4', 10: '5', 11: '6', 12: '7', 13: '8', 14: '9', 15: '=', 16: 'A', 17: 'C', 18: 'Delta', 19: 'G', 20: 'H', 21: 'M', 22: 'N', 23: 'R', 24: 'S', 25: 'T', 26: 'X', 27: '[', 28: ']', 29: 'alpha', 30: 'b', 31: 'beta', 32: 'cos', 33: 'd', 34: 'div', 35: 'e', 36: 'f', 37: 'forward_slash', 38: 'gamma', 39: 'geq', 40: 'gt', 41: 'i', 42: 'infty', 43: 'int', 44: 'j', 45: 'k', 46: 'l', 47: 'lambda', 48: 'ldots', 49: 'leq', 50: 'lim', 51: 'log', 52: 'lt', 53: 'mu', 54: 'neq', 55: 'p', 56: 'phi', 57: 'pi', 58: 'pm', 59: 'q', 60: 'rightarrow', 61: 'sigma', 62: 'sin', 63: 'sqrt', 64: 'sum', 65: 'tan', 66: 'theta', 67: 'times', 68: 'u', 69: 'v', 70: 'w', 71: 'y', 72: 'z', 73: '{', 74: '}'}

  precision    recall  f1-score   support

          0       1.00      0.89      0.94       130
          1       0.92      0.94      0.93      1430
          2       0.95      0.98      0.97      1436
          3       0.96      0.99      0.97      2512
          4       1.00      0.99      0.99      3401
          5       0.89      0.97      0.93       692
          6       0.92      0.93      0.92      2652
          7       0.91      0.96      0.94      2615
          8       0.95      0.98      0.96      1092
          9       0.93      0.96      0.95       741
         10       0.82      0.90      0.86       355
         11       0.90      0.92      0.91       313
         12       0.93      0.85      0.89       292
         13       0.83      0.96      0.89       308
         14       0.83      0.77      0.80       375
         15       0.97      0.98      0.98      1311
         16       0.94      0.94      0.94      1238
         17       0.88      0.94      0.91       581
         18       0.90      0.60      0.72        15
         19       0.74      0.46      0.57       170
         20       0.75      0.52      0.62       147
         21       0.85      0.75      0.79       249
         22       0.88      0.94      0.91      1087
         23       0.87      0.63      0.73       268
         24       0.88      0.45      0.60       142
         25       0.88      0.62      0.73       328
         26       0.87      0.97      0.92      2660
         27       0.68      0.95      0.79        79
         28       0.87      0.94      0.90        78
         29       0.95      0.83      0.89       256
         30       0.93      0.92      0.92       866
         31       0.95      0.94      0.95       203
         32       0.99      0.97      0.98       300
         33       0.94      0.95      0.95       486
         34       1.00      0.82      0.90        88
         35       0.86      0.80      0.83       301
         36       0.86      0.84      0.85       372
         37       0.53      0.48      0.50        21
         38       0.50      0.07      0.12        42
         39       0.92      0.79      0.85        70
         40       0.92      0.81      0.86        27
         41       0.95      0.90      0.93       514
         42       0.86      0.88      0.87       179
         43       0.95      0.95      0.95       275
         44       0.89      0.81      0.85       155
         45       0.86      0.89      0.87       308
         46       0.93      0.38      0.54       103
         47       1.00      0.25      0.40        12
         48       1.00      0.98      0.99        62
         49       1.00      0.76      0.86        98
         50       0.91      0.92      0.92       168
         51       0.93      0.96      0.94       201
         52       0.91      0.86      0.88        49
         53       1.00      0.32      0.48        19
         54       1.00      0.86      0.92        57
         55       0.95      0.89      0.92       268
         56       0.67      0.94      0.78        36
         57       0.95      0.84      0.89       234
         58       1.00      0.83      0.91        81
         59       0.61      0.56      0.58       123
         60       0.98      0.97      0.97       171
         61       0.64      0.33      0.44        21
         62       0.99      0.97      0.98       430
         63       0.96      0.98      0.97       892
         64       0.95      0.95      0.95       270
         65       0.92      0.98      0.95       245
         66       0.91      0.94      0.92       281
         67       0.66      0.19      0.30       326
         68       0.79      0.81      0.80       128
         69       0.87      0.82      0.85       157
         70       0.84      0.72      0.77        57
         71       0.89      0.94      0.91       934
         72       0.83      0.79      0.81       587
         73       0.71      0.64      0.68        39
         74       0.86      0.49      0.62        39

avg / total       0.92      0.92      0.91     37248

